bujur	lintang	suhu
95	-11	301.6
95.5	-11	301.8
96	-11	302
96.5	-11	302.2
97	-11	302.3
97.5	-11	302.4
98	-11	302.4
98.5	-11	302.4
99	-11	302.2
99.5	-11	302.1
100	-11	302
100.5	-11	301.9
101	-11	301.6
101.5	-11	301.6
102	-11	301.7
102.5	-11	301.5
103	-11	301.5
103.5	-11	301.4
104	-11	301.8
104.5	-11	301.7
105	-11	301.7
105.5	-11	301.6
106	-11	301.6
106.5	-11	301.8
107	-11	301.8
107.5	-11	301.8
108	-11	301.6
108.5	-11	301.7
109	-11	301.6
109.5	-11	301.5
110	-11	301.5
110.5	-11	301.6
111	-11	301.5
111.5	-11	301.4
112	-11	301.4
112.5	-11	301.4
113	-11	301.2
113.5	-11	301.1
114	-11	301.1
114.5	-11	300.9
115	-11	301.2
115.5	-11	301.1
116	-11	301.1
116.5	-11	301.3
117	-11	301.3
117.5	-11	301.5
118	-11	301.5
118.5	-11	301.6
119	-11	301.6
119.5	-11	301.8
120	-11	301.8
120.5	-11	301.7
121	-11	301.6
121.5	-11	301.9
122	-11	301.8
122.5	-11	302
123	-11	302.6
123.5	-11	302.1
124	-11	301.6
124.5	-11	301.5
125	-11	301.6
125.5	-11	301.4
126	-11	301.7
126.5	-11	301.7
127	-11	301.9
127.5	-11	302.1
128	-11	302.1
128.5	-11	302
129	-11	302
129.5	-11	302
130	-11	302.2
130.5	-11	302.6
131	-11	302.2
131.5	-11	302.1
132	-11	302.3
132.5	-11	302.6
133	-11	302.4
133.5	-11	301
134	-11	300.4
134.5	-11	300.1
135	-11	299.8
135.5	-11	299.8
136	-11	300
136.5	-11	300.7
137	-11	300.7
137.5	-11	299.8
138	-11	299.8
138.5	-11	300.1
139	-11	300.2
139.5	-11	300
140	-11	299.8
140.5	-11	299.7
141	-11	299.5
141.5	-11	299.5
142	-11	300.3
95	-10.5	301.6
95.5	-10.5	301.8
96	-10.5	302.2
96.5	-10.5	302.2
97	-10.5	302.2
97.5	-10.5	302.6
98	-10.5	302.4
98.5	-10.5	302.4
99	-10.5	302.3
99.5	-10.5	302.3
100	-10.5	302.1
100.5	-10.5	301.9
101	-10.5	301.7
101.5	-10.5	301.8
102	-10.5	301.6
102.5	-10.5	301.7
103	-10.5	301.7
103.5	-10.5	301.7
104	-10.5	301.8
104.5	-10.5	301.9
105	-10.5	301.7
105.5	-10.5	301.4
106	-10.5	301.7
106.5	-10.5	301.8
107	-10.5	301.8
107.5	-10.5	301.9
108	-10.5	301.9
108.5	-10.5	301.7
109	-10.5	301.6
109.5	-10.5	301.5
110	-10.5	301.5
110.5	-10.5	301.4
111	-10.5	301.5
111.5	-10.5	301.5
112	-10.5	301.5
112.5	-10.5	301.4
113	-10.5	301.3
113.5	-10.5	301.1
114	-10.5	301
114.5	-10.5	301
115	-10.5	301
115.5	-10.5	301
116	-10.5	301.1
116.5	-10.5	301.1
117	-10.5	301.2
117.5	-10.5	301.4
118	-10.5	301.4
118.5	-10.5	301.6
119	-10.5	301.7
119.5	-10.5	301.8
120	-10.5	302.4
120.5	-10.5	302.3
121	-10.5	301.8
121.5	-10.5	302.3
122	-10.5	302.4
122.5	-10.5	301.8
123	-10.5	302.1
123.5	-10.5	302.6
124	-10.5	302.4
124.5	-10.5	302.1
125	-10.5	301.8
125.5	-10.5	301.7
126	-10.5	301.6
126.5	-10.5	301.7
127	-10.5	301.8
127.5	-10.5	301.8
128	-10.5	301.9
128.5	-10.5	301.8
129	-10.5	301.7
129.5	-10.5	301.6
130	-10.5	301.9
130.5	-10.5	301.8
131	-10.5	301.5
131.5	-10.5	301.5
132	-10.5	301.5
132.5	-10.5	301.7
133	-10.5	301.4
133.5	-10.5	301
134	-10.5	300.7
134.5	-10.5	300.4
135	-10.5	300.2
135.5	-10.5	300
136	-10.5	300.1
136.5	-10.5	300.3
137	-10.5	300.2
137.5	-10.5	300.2
138	-10.5	300.1
138.5	-10.5	300.1
139	-10.5	299.9
139.5	-10.5	300
140	-10.5	299.9
140.5	-10.5	299.6
141	-10.5	299.4
141.5	-10.5	299.5
142	-10.5	300.2
95	-10	301.4
95.5	-10	301.8
96	-10	301.9
96.5	-10	302.2
97	-10	302.3
97.5	-10	302.4
98	-10	302.4
98.5	-10	302.5
99	-10	302.3
99.5	-10	302.2
100	-10	302
100.5	-10	302.1
101	-10	302
101.5	-10	301.9
102	-10	302
102.5	-10	301.9
103	-10	301.9
103.5	-10	302.1
104	-10	302
104.5	-10	302
105	-10	302
105.5	-10	301.9
106	-10	301.9
106.5	-10	301.9
107	-10	302
107.5	-10	301.9
108	-10	301.7
108.5	-10	301.8
109	-10	301.6
109.5	-10	301.6
110	-10	301.5
110.5	-10	301.4
111	-10	301.5
111.5	-10	301.4
112	-10	301.3
112.5	-10	301.2
113	-10	301.2
113.5	-10	301.1
114	-10	300.9
114.5	-10	301
115	-10	300.9
115.5	-10	300.9
116	-10	301
116.5	-10	301
117	-10	301.1
117.5	-10	301.4
118	-10	301.4
118.5	-10	301.6
119	-10	302
119.5	-10	302.2
120	-10	299.8
120.5	-10	297.9
121	-10	302.3
121.5	-10	301.6
122	-10	301.6
122.5	-10	301.3
123	-10	301.6
123.5	-10	302.2
124	-10	298.6
124.5	-10	299.2
125	-10	302.3
125.5	-10	301.7
126	-10	301.7
126.5	-10	301.7
127	-10	301.7
127.5	-10	301.6
128	-10	301.6
128.5	-10	301.5
129	-10	301.4
129.5	-10	301.3
130	-10	301.4
130.5	-10	301.4
131	-10	301.4
131.5	-10	301.4
132	-10	301.5
132.5	-10	301.4
133	-10	301.2
133.5	-10	301
134	-10	300.9
134.5	-10	300.6
135	-10	300.5
135.5	-10	300.2
136	-10	300.3
136.5	-10	300.3
137	-10	300.2
137.5	-10	300.2
138	-10	300.2
138.5	-10	300.1
139	-10	300.1
139.5	-10	299.9
140	-10	299.8
140.5	-10	299.5
141	-10	299.4
141.5	-10	299.4
142	-10	300.2
95	-9.5	301.5
95.5	-9.5	301.8
96	-9.5	301.9
96.5	-9.5	302.1
97	-9.5	302.1
97.5	-9.5	302.3
98	-9.5	302.3
98.5	-9.5	302.5
99	-9.5	302.3
99.5	-9.5	302.2
100	-9.5	302.2
100.5	-9.5	302.1
101	-9.5	302.2
101.5	-9.5	302.1
102	-9.5	302
102.5	-9.5	302.1
103	-9.5	302.3
103.5	-9.5	302.2
104	-9.5	302.2
104.5	-9.5	302.3
105	-9.5	302.2
105.5	-9.5	302.2
106	-9.5	302.1
106.5	-9.5	302.1
107	-9.5	302
107.5	-9.5	301.9
108	-9.5	301.8
108.5	-9.5	301.7
109	-9.5	301.7
109.5	-9.5	301.6
110	-9.5	301.4
110.5	-9.5	301.5
111	-9.5	301.4
111.5	-9.5	301.4
112	-9.5	301.4
112.5	-9.5	301.2
113	-9.5	301.2
113.5	-9.5	301.1
114	-9.5	301
114.5	-9.5	300.9
115	-9.5	300.8
115.5	-9.5	300.8
116	-9.5	300.9
116.5	-9.5	301
117	-9.5	301.2
117.5	-9.5	301.3
118	-9.5	301.4
118.5	-9.5	301.6
119	-9.5	301.9
119.5	-9.5	299.4
120	-9.5	299.8
120.5	-9.5	302.4
121	-9.5	301.9
121.5	-9.5	301.7
122	-9.5	301.4
122.5	-9.5	301.3
123	-9.5	301.3
123.5	-9.5	301.9
124	-9.5	299.7
124.5	-9.5	297.1
125	-9.5	299.4
125.5	-9.5	302.2
126	-9.5	302.1
126.5	-9.5	301.9
127	-9.5	301.7
127.5	-9.5	301.7
128	-9.5	301.4
128.5	-9.5	301.4
129	-9.5	301.3
129.5	-9.5	301.2
130	-9.5	301.3
130.5	-9.5	301.3
131	-9.5	301.3
131.5	-9.5	301.2
132	-9.5	301.3
132.5	-9.5	301.3
133	-9.5	301.2
133.5	-9.5	301
134	-9.5	300.9
134.5	-9.5	300.9
135	-9.5	300.7
135.5	-9.5	300.5
136	-9.5	300.4
136.5	-9.5	300.4
137	-9.5	300.4
137.5	-9.5	300.4
138	-9.5	300.3
138.5	-9.5	300.4
139	-9.5	300
139.5	-9.5	299.9
140	-9.5	299.8
140.5	-9.5	299.8
141	-9.5	299.9
141.5	-9.5	299.7
142	-9.5	299.7
95	-9	301.6
95.5	-9	301.8
96	-9	302
96.5	-9	302.1
97	-9	302.3
97.5	-9	302.2
98	-9	302.4
98.5	-9	302.4
99	-9	302.4
99.5	-9	302.5
100	-9	302.3
100.5	-9	302.2
101	-9	302.4
101.5	-9	302.2
102	-9	302.4
102.5	-9	302.3
103	-9	302.2
103.5	-9	302.2
104	-9	302.4
104.5	-9	302.4
105	-9	302.4
105.5	-9	302.3
106	-9	302.2
106.5	-9	302.2
107	-9	302.1
107.5	-9	302
108	-9	301.7
108.5	-9	301.7
109	-9	301.6
109.5	-9	301.5
110	-9	301.4
110.5	-9	301.3
111	-9	301.3
111.5	-9	301.4
112	-9	301.3
112.5	-9	301.2
113	-9	301.2
113.5	-9	301.1
114	-9	300.9
114.5	-9	301.1
115	-9	300.9
115.5	-9	300.9
116	-9	301
116.5	-9	301.1
117	-9	298.2
117.5	-9	298.6
118	-9	301.4
118.5	-9	301.4
119	-9	301.6
119.5	-9	301.6
120	-9	301.9
120.5	-9	302
121	-9	301.7
121.5	-9	302.4
122	-9	302.4
122.5	-9	302.1
123	-9	301.7
123.5	-9	301.6
124	-9	301.7
124.5	-9	302
125	-9	300.9
125.5	-9	293.3
126	-9	301.5
126.5	-9	302.7
127	-9	302.1
127.5	-9	301.8
128	-9	301.5
128.5	-9	301.5
129	-9	301.4
129.5	-9	301.4
130	-9	301.4
130.5	-9	301.6
131	-9	301.5
131.5	-9	301.3
132	-9	301.2
132.5	-9	301.1
133	-9	301
133.5	-9	301.1
134	-9	300.9
134.5	-9	300.7
135	-9	300.8
135.5	-9	300.7
136	-9	300.7
136.5	-9	300.5
137	-9	300.6
137.5	-9	300.8
138	-9	300.7
138.5	-9	300.7
139	-9	300.2
139.5	-9	299.9
140	-9	299.8
140.5	-9	300.4
141	-9	303.1
141.5	-9	301.9
142	-9	302.9
95	-8.5	301.6
95.5	-8.5	301.7
96	-8.5	302
96.5	-8.5	302.2
97	-8.5	302.2
97.5	-8.5	302.4
98	-8.5	302.4
98.5	-8.5	302.5
99	-8.5	302.5
99.5	-8.5	302.5
100	-8.5	302.6
100.5	-8.5	302.4
101	-8.5	302.4
101.5	-8.5	302.3
102	-8.5	302.4
102.5	-8.5	302.3
103	-8.5	302.2
103.5	-8.5	302.3
104	-8.5	302.4
104.5	-8.5	302.3
105	-8.5	302.3
105.5	-8.5	302.2
106	-8.5	302.2
106.5	-8.5	302
107	-8.5	301.9
107.5	-8.5	301.8
108	-8.5	301.7
108.5	-8.5	301.7
109	-8.5	301.5
109.5	-8.5	301.4
110	-8.5	301.3
110.5	-8.5	301.2
111	-8.5	301.2
111.5	-8.5	301.2
112	-8.5	301.2
112.5	-8.5	301
113	-8.5	301.2
113.5	-8.5	301
114	-8.5	297.2
114.5	-8.5	301.3
115	-8.5	299.5
115.5	-8.5	300
116	-8.5	301.3
116.5	-8.5	295.7
117	-8.5	300.1
117.5	-8.5	301.4
118	-8.5	301.8
118.5	-8.5	298
119	-8.5	299.4
119.5	-8.5	302
120	-8.5	300
120.5	-8.5	296.1
121	-8.5	299.4
121.5	-8.5	302.7
122	-8.5	302.3
122.5	-8.5	301.8
123	-8.5	302.2
123.5	-8.5	298.6
124	-8.5	301.2
124.5	-8.5	302.1
125	-8.5	302.6
125.5	-8.5	302.3
126	-8.5	302.3
126.5	-8.5	299.9
127	-8.5	298.6
127.5	-8.5	302.2
128	-8.5	302.1
128.5	-8.5	302.3
129	-8.5	302.1
129.5	-8.5	301.7
130	-8.5	301.9
130.5	-8.5	301.8
131	-8.5	302
131.5	-8.5	301.6
132	-8.5	301.1
132.5	-8.5	300.9
133	-8.5	300.9
133.5	-8.5	300.8
134	-8.5	300.9
134.5	-8.5	300.9
135	-8.5	300.7
135.5	-8.5	300.7
136	-8.5	300.6
136.5	-8.5	300.7
137	-8.5	300.9
137.5	-8.5	301.6
138	-8.5	301.6
138.5	-8.5	301.5
139	-8.5	301.1
139.5	-8.5	300.2
140	-8.5	300.5
140.5	-8.5	303.3
141	-8.5	302
141.5	-8.5	302.1
142	-8.5	300.5
95	-8	301.7
95.5	-8	301.9
96	-8	302
96.5	-8	302.3
97	-8	302.3
97.5	-8	302.3
98	-8	302.5
98.5	-8	302.5
99	-8	302.7
99.5	-8	302.6
100	-8	302.5
100.5	-8	302.5
101	-8	302.5
101.5	-8	302.4
102	-8	302.4
102.5	-8	302.4
103	-8	302.4
103.5	-8	302.4
104	-8	302.4
104.5	-8	302.4
105	-8	302.4
105.5	-8	302.2
106	-8	302
106.5	-8	301.8
107	-8	301.8
107.5	-8	301.5
108	-8	301.3
108.5	-8	301.1
109	-8	301.1
109.5	-8	301.1
110	-8	300.9
110.5	-8	299
111	-8	298.5
111.5	-8	298.6
112	-8	300
112.5	-8	295.6
113	-8	290.9
113.5	-8	293.4
114	-8	294.1
114.5	-8	302.2
115	-8	302.2
115.5	-8	301.9
116	-8	301.5
116.5	-8	301.6
117	-8	301.4
117.5	-8	301.6
118	-8	301.5
118.5	-8	301.6
119	-8	301.8
119.5	-8	301.6
120	-8	301.9
120.5	-8	302.1
121	-8	302.1
121.5	-8	302.2
122	-8	302.2
122.5	-8	302.3
123	-8	302.6
123.5	-8	302.6
124	-8	302.3
124.5	-8	302.6
125	-8	302.8
125.5	-8	302.3
126	-8	301.8
126.5	-8	302.1
127	-8	302.2
127.5	-8	302.1
128	-8	302.4
128.5	-8	302.3
129	-8	302.1
129.5	-8	302.5
130	-8	302.5
130.5	-8	301.6
131	-8	302.3
131.5	-8	302
132	-8	301.2
132.5	-8	300.7
133	-8	300.5
133.5	-8	300.6
134	-8	300.7
134.5	-8	300.8
135	-8	300.7
135.5	-8	300.5
136	-8	300.5
136.5	-8	300.5
137	-8	300.7
137.5	-8	301.2
138	-8	303.4
138.5	-8	302.9
139	-8	301.7
139.5	-8	303.4
140	-8	303
140.5	-8	301.5
141	-8	301.1
141.5	-8	300.9
142	-8	301.3
95	-7.5	301.9
95.5	-7.5	302
96	-7.5	302.1
96.5	-7.5	302.3
97	-7.5	302.4
97.5	-7.5	302.5
98	-7.5	302.6
98.5	-7.5	302.6
99	-7.5	302.8
99.5	-7.5	302.8
100	-7.5	302.7
100.5	-7.5	302.6
101	-7.5	302.6
101.5	-7.5	302.6
102	-7.5	302.7
102.5	-7.5	302.6
103	-7.5	302.5
103.5	-7.5	302.7
104	-7.5	302.6
104.5	-7.5	302.3
105	-7.5	302.5
105.5	-7.5	302.1
106	-7.5	301.8
106.5	-7.5	301.3
107	-7.5	300.8
107.5	-7.5	299.1
108	-7.5	295.3
108.5	-7.5	296.6
109	-7.5	298.1
109.5	-7.5	298.7
110	-7.5	295.8
110.5	-7.5	295
111	-7.5	299.5
111.5	-7.5	300.8
112	-7.5	300
112.5	-7.5	301.2
113	-7.5	302.4
113.5	-7.5	302.2
114	-7.5	302.2
114.5	-7.5	301.8
115	-7.5	301.5
115.5	-7.5	301.4
116	-7.5	301.4
116.5	-7.5	301.3
117	-7.5	301.4
117.5	-7.5	301.5
118	-7.5	301.4
118.5	-7.5	301.4
119	-7.5	301.3
119.5	-7.5	301.4
120	-7.5	301.4
120.5	-7.5	301.8
121	-7.5	302.1
121.5	-7.5	302.1
122	-7.5	302.4
122.5	-7.5	302.2
123	-7.5	302.1
123.5	-7.5	302.3
124	-7.5	302.1
124.5	-7.5	301.8
125	-7.5	301.9
125.5	-7.5	301.9
126	-7.5	302.6
126.5	-7.5	302.4
127	-7.5	302.1
127.5	-7.5	302.4
128	-7.5	301.7
128.5	-7.5	301.9
129	-7.5	301.6
129.5	-7.5	302.3
130	-7.5	302
130.5	-7.5	301.7
131	-7.5	302.5
131.5	-7.5	302.4
132	-7.5	301.4
132.5	-7.5	300.7
133	-7.5	300.3
133.5	-7.5	300.3
134	-7.5	300.7
134.5	-7.5	300.9
135	-7.5	300.8
135.5	-7.5	300.4
136	-7.5	300.3
136.5	-7.5	300.3
137	-7.5	300.4
137.5	-7.5	300.7
138	-7.5	301.1
138.5	-7.5	301.8
139	-7.5	301.8
139.5	-7.5	301.3
140	-7.5	300.8
140.5	-7.5	300.8
141	-7.5	300.3
141.5	-7.5	300.2
142	-7.5	301.4
95	-7	302
95.5	-7	302.2
96	-7	302.4
96.5	-7	302.4
97	-7	302.8
97.5	-7	302.6
98	-7	302.7
98.5	-7	302.9
99	-7	302.9
99.5	-7	302.9
100	-7	302.8
100.5	-7	302.8
101	-7	302.8
101.5	-7	302.7
102	-7	302.7
102.5	-7	302.6
103	-7	302.6
103.5	-7	302.6
104	-7	302.5
104.5	-7	302.6
105	-7	302.2
105.5	-7	301.9
106	-7	301.7
106.5	-7	299.5
107	-7	294.9
107.5	-7	295.2
108	-7	295.6
108.5	-7	296.4
109	-7	300.2
109.5	-7	300.8
110	-7	299.5
110.5	-7	300.4
111	-7	298.2
111.5	-7	298.5
112	-7	299.2
112.5	-7	301.1
113	-7	300.8
113.5	-7	300.7
114	-7	302.8
114.5	-7	301.9
115	-7	301.6
115.5	-7	301.6
116	-7	301.4
116.5	-7	301.3
117	-7	301.3
117.5	-7	301.3
118	-7	301.3
118.5	-7	301.2
119	-7	301.3
119.5	-7	301.3
120	-7	301.5
120.5	-7	301.7
121	-7	301.9
121.5	-7	301.9
122	-7	302.1
122.5	-7	302.1
123	-7	301.9
123.5	-7	302
124	-7	301.9
124.5	-7	301.7
125	-7	301.8
125.5	-7	301.8
126	-7	301.7
126.5	-7	302
127	-7	301.8
127.5	-7	301.7
128	-7	301.7
128.5	-7	302.6
129	-7	301.9
129.5	-7	302.1
130	-7	301.5
130.5	-7	301.1
131	-7	301.1
131.5	-7	302.2
132	-7	301.9
132.5	-7	300.6
133	-7	299.7
133.5	-7	300.3
134	-7	301.1
134.5	-7	301.7
135	-7	300.7
135.5	-7	300.2
136	-7	300.1
136.5	-7	300
137	-7	300
137.5	-7	300.1
138	-7	300.1
138.5	-7	300.7
139	-7	301
139.5	-7	300.7
140	-7	300.6
140.5	-7	300.4
141	-7	300.9
141.5	-7	300.7
142	-7	301.4
95	-6.5	302.2
95.5	-6.5	302.5
96	-6.5	302.5
96.5	-6.5	302.6
97	-6.5	302.6
97.5	-6.5	302.9
98	-6.5	302.8
98.5	-6.5	302.9
99	-6.5	303
99.5	-6.5	303
100	-6.5	303
100.5	-6.5	303
101	-6.5	303
101.5	-6.5	302.9
102	-6.5	302.7
102.5	-6.5	302.7
103	-6.5	302.8
103.5	-6.5	302.7
104	-6.5	302.6
104.5	-6.5	302.6
105	-6.5	302.3
105.5	-6.5	302.4
106	-6.5	299.3
106.5	-6.5	298.8
107	-6.5	298.4
107.5	-6.5	299.6
108	-6.5	300.3
108.5	-6.5	301.3
109	-6.5	302.4
109.5	-6.5	302.4
110	-6.5	302.4
110.5	-6.5	302.5
111	-6.5	301.1
111.5	-6.5	302.4
112	-6.5	302.1
112.5	-6.5	302.1
113	-6.5	301.9
113.5	-6.5	301.7
114	-6.5	301.7
114.5	-6.5	301.7
115	-6.5	301.5
115.5	-6.5	301.4
116	-6.5	301.2
116.5	-6.5	301.1
117	-6.5	301.2
117.5	-6.5	301.3
118	-6.5	301.1
118.5	-6.5	301.1
119	-6.5	301.2
119.5	-6.5	301.3
120	-6.5	301.4
120.5	-6.5	301.6
121	-6.5	301.7
121.5	-6.5	301.9
122	-6.5	301.9
122.5	-6.5	302.1
123	-6.5	302.1
123.5	-6.5	302
124	-6.5	302.1
124.5	-6.5	302
125	-6.5	301.8
125.5	-6.5	301.8
126	-6.5	302
126.5	-6.5	302.4
127	-6.5	302.1
127.5	-6.5	301.7
128	-6.5	301.6
128.5	-6.5	301.6
129	-6.5	301.6
129.5	-6.5	302.2
130	-6.5	302
130.5	-6.5	301.1
131	-6.5	300.8
131.5	-6.5	301.5
132	-6.5	300.6
132.5	-6.5	300.3
133	-6.5	300.1
133.5	-6.5	299.9
134	-6.5	301.2
134.5	-6.5	303.8
135	-6.5	301.3
135.5	-6.5	300.2
136	-6.5	299.8
136.5	-6.5	299.7
137	-6.5	299.4
137.5	-6.5	299.8
138	-6.5	300
138.5	-6.5	300.7
139	-6.5	300.7
139.5	-6.5	300.7
140	-6.5	300.5
140.5	-6.5	300.2
141	-6.5	300.2
141.5	-6.5	300.7
142	-6.5	300.9
95	-6	302.5
95.5	-6	302.6
96	-6	302.6
96.5	-6	302.9
97	-6	303
97.5	-6	302.9
98	-6	303
98.5	-6	303.2
99	-6	303.1
99.5	-6	303.1
100	-6	303.1
100.5	-6	303.1
101	-6	303
101.5	-6	302.9
102	-6	302.7
102.5	-6	302.7
103	-6	302.9
103.5	-6	302.9
104	-6	302.6
104.5	-6	302.2
105	-6	302.4
105.5	-6	302.5
106	-6	301.6
106.5	-6	302.5
107	-6	302.6
107.5	-6	302.6
108	-6	302.6
108.5	-6	302.4
109	-6	302.3
109.5	-6	302.3
110	-6	302.3
110.5	-6	302.3
111	-6	302.1
111.5	-6	302
112	-6	302
112.5	-6	302
113	-6	301.8
113.5	-6	301.5
114	-6	301.5
114.5	-6	301.5
115	-6	301.4
115.5	-6	301.2
116	-6	301.2
116.5	-6	301.1
117	-6	301.1
117.5	-6	301.1
118	-6	301.2
118.5	-6	301.2
119	-6	301.2
119.5	-6	301.3
120	-6	301.3
120.5	-6	301.5
121	-6	301.7
121.5	-6	301.9
122	-6	301.9
122.5	-6	302
123	-6	302.1
123.5	-6	302.1
124	-6	302.3
124.5	-6	302.3
125	-6	302
125.5	-6	301.9
126	-6	302
126.5	-6	302
127	-6	302
127.5	-6	301.7
128	-6	301.4
128.5	-6	301.3
129	-6	301.3
129.5	-6	301.5
130	-6	301.8
130.5	-6	301.1
131	-6	300.4
131.5	-6	300.5
132	-6	300.8
132.5	-6	301.3
133	-6	300.9
133.5	-6	299.8
134	-6	300.9
134.5	-6	304
135	-6	300.9
135.5	-6	299.9
136	-6	299.4
136.5	-6	299.5
137	-6	299.4
137.5	-6	299.6
138	-6	299.9
138.5	-6	301.2
139	-6	301
139.5	-6	301
140	-6	300.8
140.5	-6	300.9
141	-6	300.5
141.5	-6	298.8
142	-6	299.1
95	-5.5	302.6
95.5	-5.5	302.6
96	-5.5	302.8
96.5	-5.5	302.8
97	-5.5	303
97.5	-5.5	303
98	-5.5	303.1
98.5	-5.5	303
99	-5.5	303.2
99.5	-5.5	303.3
100	-5.5	303.1
100.5	-5.5	303.1
101	-5.5	303.1
101.5	-5.5	302.9
102	-5.5	302.6
102.5	-5.5	302.5
103	-5.5	302.9
103.5	-5.5	302.7
104	-5.5	302.3
104.5	-5.5	296.2
105	-5.5	295.4
105.5	-5.5	299
106	-5.5	302.9
106.5	-5.5	302.8
107	-5.5	302.7
107.5	-5.5	302.6
108	-5.5	302.4
108.5	-5.5	302.3
109	-5.5	302.1
109.5	-5.5	302.1
110	-5.5	302.2
110.5	-5.5	302.1
111	-5.5	302
111.5	-5.5	301.9
112	-5.5	301.9
112.5	-5.5	301.9
113	-5.5	301.7
113.5	-5.5	301.6
114	-5.5	301.5
114.5	-5.5	301.6
115	-5.5	301.3
115.5	-5.5	301.3
116	-5.5	301.1
116.5	-5.5	301.2
117	-5.5	301.1
117.5	-5.5	301.1
118	-5.5	301.2
118.5	-5.5	301.1
119	-5.5	301.2
119.5	-5.5	303.2
120	-5.5	299.3
120.5	-5.5	301.4
121	-5.5	301.9
121.5	-5.5	301.8
122	-5.5	300.8
122.5	-5.5	301.7
123	-5.5	302
123.5	-5.5	302.2
124	-5.5	302.3
124.5	-5.5	302.4
125	-5.5	302.2
125.5	-5.5	302
126	-5.5	301.9
126.5	-5.5	301.9
127	-5.5	301.8
127.5	-5.5	301.6
128	-5.5	301.4
128.5	-5.5	301.2
129	-5.5	301.1
129.5	-5.5	301.1
130	-5.5	301
130.5	-5.5	300.6
131	-5.5	300.2
131.5	-5.5	300.5
132	-5.5	301.7
132.5	-5.5	301.4
133	-5.5	301.3
133.5	-5.5	300
134	-5.5	300.4
134.5	-5.5	302.1
135	-5.5	300.3
135.5	-5.5	299.4
136	-5.5	299.5
136.5	-5.5	299.7
137	-5.5	299.7
137.5	-5.5	300
138	-5.5	301.3
138.5	-5.5	301.7
139	-5.5	301.2
139.5	-5.5	301.3
140	-5.5	301.4
140.5	-5.5	301.1
141	-5.5	299.5
141.5	-5.5	300.4
142	-5.5	300.3
95	-5	302.9
95.5	-5	302.9
96	-5	303
96.5	-5	303
97	-5	303.1
97.5	-5	303.1
98	-5	303.2
98.5	-5	303.2
99	-5	303.2
99.5	-5	303.2
100	-5	303.3
100.5	-5	303.3
101	-5	303.2
101.5	-5	303.2
102	-5	303
102.5	-5	303
103	-5	302.9
103.5	-5	302.5
104	-5	292.8
104.5	-5	292.9
105	-5	297.5
105.5	-5	297.9
106	-5	303
106.5	-5	303
107	-5	302.9
107.5	-5	302.6
108	-5	302.4
108.5	-5	302.3
109	-5	302.2
109.5	-5	302.1
110	-5	302.1
110.5	-5	302
111	-5	302.1
111.5	-5	301.9
112	-5	301.9
112.5	-5	301.8
113	-5	301.7
113.5	-5	301.6
114	-5	301.5
114.5	-5	301.6
115	-5	301.5
115.5	-5	301.5
116	-5	301.3
116.5	-5	301.2
117	-5	301.3
117.5	-5	301.3
118	-5	301.3
118.5	-5	301.4
119	-5	301.5
119.5	-5	303.4
120	-5	299.9
120.5	-5	301.7
121	-5	301.9
121.5	-5	301.8
122	-5	301.7
122.5	-5	300.7
123	-5	301.5
123.5	-5	302.2
124	-5	302.1
124.5	-5	302.3
125	-5	302.1
125.5	-5	302
126	-5	301.9
126.5	-5	301.9
127	-5	301.7
127.5	-5	301.7
128	-5	301.3
128.5	-5	301.3
129	-5	301.3
129.5	-5	301.5
130	-5	301.4
130.5	-5	300.8
131	-5	300.4
131.5	-5	301
132	-5	301.4
132.5	-5	300.1
133	-5	300.2
133.5	-5	299.8
134	-5	299.4
134.5	-5	300.1
135	-5	299.8
135.5	-5	299.7
136	-5	300
136.5	-5	300.6
137	-5	300.8
137.5	-5	302.3
138	-5	302.8
138.5	-5	301
139	-5	300.9
139.5	-5	299.4
140	-5	300.6
140.5	-5	293
141	-5	286.4
141.5	-5	295.8
142	-5	291.1
95	-4.5	302.9
95.5	-4.5	302.9
96	-4.5	303
96.5	-4.5	303
97	-4.5	303
97.5	-4.5	303.2
98	-4.5	303.3
98.5	-4.5	303.3
99	-4.5	303.3
99.5	-4.5	303.3
100	-4.5	303.3
100.5	-4.5	303.2
101	-4.5	303.2
101.5	-4.5	303.3
102	-4.5	303.2
102.5	-4.5	302.9
103	-4.5	299.4
103.5	-4.5	291.9
104	-4.5	295.4
104.5	-4.5	297.2
105	-4.5	297.9
105.5	-4.5	297.8
106	-4.5	303.1
106.5	-4.5	303
107	-4.5	302.8
107.5	-4.5	302.6
108	-4.5	302.4
108.5	-4.5	302.3
109	-4.5	302.1
109.5	-4.5	302
110	-4.5	302.1
110.5	-4.5	302.1
111	-4.5	302.2
111.5	-4.5	302.1
112	-4.5	302.1
112.5	-4.5	301.9
113	-4.5	301.8
113.5	-4.5	301.8
114	-4.5	301.6
114.5	-4.5	301.8
115	-4.5	301.6
115.5	-4.5	301.6
116	-4.5	301.5
116.5	-4.5	301.3
117	-4.5	301.2
117.5	-4.5	301.3
118	-4.5	301.4
118.5	-4.5	301.6
119	-4.5	301.7
119.5	-4.5	301.9
120	-4.5	300.3
120.5	-4.5	301.8
121	-4.5	302.1
121.5	-4.5	301.2
122	-4.5	300.8
122.5	-4.5	301.9
123	-4.5	299.5
123.5	-4.5	302
124	-4.5	301.9
124.5	-4.5	302.1
125	-4.5	302.1
125.5	-4.5	301.9
126	-4.5	302
126.5	-4.5	302.1
127	-4.5	302
127.5	-4.5	301.8
128	-4.5	301.6
128.5	-4.5	301.3
129	-4.5	301.4
129.5	-4.5	302.4
130	-4.5	302.7
130.5	-4.5	301.1
131	-4.5	300.8
131.5	-4.5	301.8
132	-4.5	301.1
132.5	-4.5	300.1
133	-4.5	300.3
133.5	-4.5	300.7
134	-4.5	299.8
134.5	-4.5	299.9
135	-4.5	300.8
135.5	-4.5	301.1
136	-4.5	302.2
136.5	-4.5	301.2
137	-4.5	300.8
137.5	-4.5	299.6
138	-4.5	299.3
138.5	-4.5	295.9
139	-4.5	289
139.5	-4.5	293
140	-4.5	285.5
140.5	-4.5	293.3
141	-4.5	299.6
141.5	-4.5	300.6
142	-4.5	303.5
95	-4	303
95.5	-4	303
96	-4	303.1
96.5	-4	303.1
97	-4	303.1
97.5	-4	303.2
98	-4	303.3
98.5	-4	303.4
99	-4	303.3
99.5	-4	303.5
100	-4	303.3
100.5	-4	303.3
101	-4	302.9
101.5	-4	303.4
102	-4	303.1
102.5	-4	297.5
103	-4	290.9
103.5	-4	293.9
104	-4	296.8
104.5	-4	297.3
105	-4	298
105.5	-4	298.5
106	-4	303.2
106.5	-4	303
107	-4	302.8
107.5	-4	302.6
108	-4	302.4
108.5	-4	302.3
109	-4	302.3
109.5	-4	302.3
110	-4	302.4
110.5	-4	302.4
111	-4	302.3
111.5	-4	302.3
112	-4	302.3
112.5	-4	302.3
113	-4	302.2
113.5	-4	302.1
114	-4	302
114.5	-4	302.2
115	-4	301.7
115.5	-4	302.2
116	-4	302.2
116.5	-4	301.7
117	-4	301.4
117.5	-4	301.5
118	-4	301.6
118.5	-4	301.7
119	-4	301.9
119.5	-4	301.9
120	-4	299.3
120.5	-4	302
121	-4	302.1
121.5	-4	300.5
122	-4	300.7
122.5	-4	301.7
123	-4	301.3
123.5	-4	301.8
124	-4	301.9
124.5	-4	301.9
125	-4	301.8
125.5	-4	302
126	-4	302.2
126.5	-4	302.4
127	-4	302.4
127.5	-4	302.1
128	-4	302.2
128.5	-4	301.9
129	-4	301.8
129.5	-4	301.3
130	-4	301.2
130.5	-4	301.7
131	-4	302
131.5	-4	302.4
132	-4	300.7
132.5	-4	301
133	-4	295.6
133.5	-4	301.6
134	-4	301.2
134.5	-4	300.6
135	-4	298.6
135.5	-4	290.3
136	-4	289.8
136.5	-4	288.7
137	-4	281.8
137.5	-4	285.7
138	-4	280.3
138.5	-4	287.6
139	-4	291.6
139.5	-4	302
140	-4	293.1
140.5	-4	298.5
141	-4	299.8
141.5	-4	301.3
142	-4	302.5
95	-3.5	302.9
95.5	-3.5	303
96	-3.5	303.1
96.5	-3.5	303.1
97	-3.5	303.3
97.5	-3.5	303.3
98	-3.5	303.3
98.5	-3.5	303.3
99	-3.5	303.4
99.5	-3.5	303.4
100	-3.5	303.3
100.5	-3.5	303.1
101	-3.5	303.4
101.5	-3.5	303.2
102	-3.5	300.3
102.5	-3.5	292.8
103	-3.5	295.7
103.5	-3.5	296.5
104	-3.5	297.2
104.5	-3.5	297.6
105	-3.5	297.7
105.5	-3.5	298.3
106	-3.5	303.2
106.5	-3.5	303.1
107	-3.5	302.9
107.5	-3.5	302.7
108	-3.5	302.7
108.5	-3.5	302.5
109	-3.5	302.4
109.5	-3.5	302.5
110	-3.5	302.6
110.5	-3.5	302.6
111	-3.5	302.7
111.5	-3.5	302.7
112	-3.5	302.3
112.5	-3.5	302.8
113	-3.5	302.8
113.5	-3.5	302.8
114	-3.5	302.7
114.5	-3.5	301.6
115	-3.5	299.8
115.5	-3.5	299.6
116	-3.5	301.7
116.5	-3.5	302.4
117	-3.5	301.6
117.5	-3.5	301.6
118	-3.5	301.6
118.5	-3.5	302
119	-3.5	301
119.5	-3.5	298.9
120	-3.5	289.9
120.5	-3.5	302.1
121	-3.5	294.7
121.5	-3.5	297.4
122	-3.5	299.4
122.5	-3.5	301.8
123	-3.5	301.8
123.5	-3.5	301.9
124	-3.5	301.8
124.5	-3.5	301.8
125	-3.5	301.8
125.5	-3.5	302
126	-3.5	302
126.5	-3.5	297.2
127	-3.5	298.6
127.5	-3.5	302.4
128	-3.5	302.5
128.5	-3.5	302.9
129	-3.5	302.2
129.5	-3.5	302.5
130	-3.5	302.5
130.5	-3.5	300.9
131	-3.5	302.2
131.5	-3.5	301.2
132	-3.5	300.9
132.5	-3.5	301.9
133	-3.5	303.2
133.5	-3.5	304.3
134	-3.5	299.5
134.5	-3.5	298.7
135	-3.5	298.5
135.5	-3.5	303.7
136	-3.5	298.1
136.5	-3.5	291
137	-3.5	295.6
137.5	-3.5	291.1
138	-3.5	287.5
138.5	-3.5	289.8
139	-3.5	298.1
139.5	-3.5	302.3
140	-3.5	299.1
140.5	-3.5	302.7
141	-3.5	300.6
141.5	-3.5	300.3
142	-3.5	297
95	-3	302.9
95.5	-3	303.1
96	-3	303.1
96.5	-3	303.2
97	-3	303.1
97.5	-3	303.4
98	-3	303.4
98.5	-3	303.5
99	-3	303.4
99.5	-3	303.4
100	-3	303
100.5	-3	302.8
101	-3	303.4
101.5	-3	298.8
102	-3	295.2
102.5	-3	294.2
103	-3	296.5
103.5	-3	296.8
104	-3	297.6
104.5	-3	298
105	-3	297.9
105.5	-3	298.2
106	-3	301.7
106.5	-3	301.8
107	-3	302.9
107.5	-3	302.7
108	-3	300
108.5	-3	302.6
109	-3	302.6
109.5	-3	302.6
110	-3	302.6
110.5	-3	302.9
111	-3	301.5
111.5	-3	302.3
112	-3	300.3
112.5	-3	300.7
113	-3	301.2
113.5	-3	300.8
114	-3	300.7
114.5	-3	300.8
115	-3	300.8
115.5	-3	298.1
116	-3	300.6
116.5	-3	302.4
117	-3	301.7
117.5	-3	301.9
118	-3	301.9
118.5	-3	302.1
119	-3	294.2
119.5	-3	293.6
120	-3	297.1
120.5	-3	302.6
121	-3	302.3
121.5	-3	296.4
122	-3	298.3
122.5	-3	301.9
123	-3	302
123.5	-3	302
124	-3	301.8
124.5	-3	301.8
125	-3	301.9
125.5	-3	302
126	-3	302.6
126.5	-3	302.4
127	-3	302.9
127.5	-3	302.4
128	-3	303.1
128.5	-3	298.2
129	-3	299.5
129.5	-3	301.1
130	-3	303.2
130.5	-3	302.8
131	-3	301.5
131.5	-3	301.5
132	-3	302.7
132.5	-3	296.4
133	-3	301.9
133.5	-3	302.6
134	-3	299.9
134.5	-3	300.4
135	-3	302.4
135.5	-3	302.5
136	-3	304.9
136.5	-3	302.7
137	-3	297.7
137.5	-3	302.1
138	-3	303.9
138.5	-3	305.1
139	-3	301.9
139.5	-3	302.1
140	-3	301.5
140.5	-3	299.1
141	-3	300.8
141.5	-3	300.7
142	-3	302.3
95	-2.5	303.1
95.5	-2.5	303.2
96	-2.5	303.2
96.5	-2.5	303.3
97	-2.5	303.4
97.5	-2.5	303.3
98	-2.5	303.5
98.5	-2.5	303.5
99	-2.5	303.5
99.5	-2.5	303.2
100	-2.5	303
100.5	-2.5	303.5
101	-2.5	302.2
101.5	-2.5	294.2
102	-2.5	292.7
102.5	-2.5	296.2
103	-2.5	296.6
103.5	-2.5	297.2
104	-2.5	297.4
104.5	-2.5	297.8
105	-2.5	298.3
105.5	-2.5	300.5
106	-2.5	299.7
106.5	-2.5	302.4
107	-2.5	302.9
107.5	-2.5	302.8
108	-2.5	302.7
108.5	-2.5	302.7
109	-2.5	302.7
109.5	-2.5	303
110	-2.5	303
110.5	-2.5	298.9
111	-2.5	299.8
111.5	-2.5	300.2
112	-2.5	299.6
112.5	-2.5	300
113	-2.5	301
113.5	-2.5	300.7
114	-2.5	300.5
114.5	-2.5	301
115	-2.5	301.1
115.5	-2.5	300.9
116	-2.5	299.8
116.5	-2.5	301.5
117	-2.5	302.1
117.5	-2.5	302.1
118	-2.5	302.3
118.5	-2.5	302.4
119	-2.5	302.2
119.5	-2.5	299.7
120	-2.5	291.4
120.5	-2.5	293.7
121	-2.5	300.8
121.5	-2.5	296.4
122	-2.5	301.9
122.5	-2.5	302.3
123	-2.5	302.2
123.5	-2.5	302
124	-2.5	302
124.5	-2.5	302
125	-2.5	302
125.5	-2.5	302.1
126	-2.5	302.9
126.5	-2.5	302.2
127	-2.5	302.1
127.5	-2.5	302.1
128	-2.5	302.1
128.5	-2.5	302.2
129	-2.5	302.1
129.5	-2.5	301.9
130	-2.5	301.9
130.5	-2.5	302.2
131	-2.5	302
131.5	-2.5	302.6
132	-2.5	302.5
132.5	-2.5	302.9
133	-2.5	303.2
133.5	-2.5	303.3
134	-2.5	301.3
134.5	-2.5	301.9
135	-2.5	302.4
135.5	-2.5	302
136	-2.5	302.5
136.5	-2.5	302.9
137	-2.5	301.2
137.5	-2.5	301
138	-2.5	298.9
138.5	-2.5	297.6
139	-2.5	300.2
139.5	-2.5	304.5
140	-2.5	301.8
140.5	-2.5	297.4
141	-2.5	302.8
141.5	-2.5	302.9
142	-2.5	302.7
95	-2	303.1
95.5	-2	303.2
96	-2	303.3
96.5	-2	303.4
97	-2	303.4
97.5	-2	303.4
98	-2	303.5
98.5	-2	303.4
99	-2	303
99.5	-2	303
100	-2	303.5
100.5	-2	303.6
101	-2	296.9
101.5	-2	289
102	-2	294.8
102.5	-2	296.3
103	-2	297.2
103.5	-2	297.2
104	-2	297.5
104.5	-2	298.7
105	-2	303.4
105.5	-2	300.2
106	-2	299.4
106.5	-2	303
107	-2	302.9
107.5	-2	302.9
108	-2	302.9
108.5	-2	302.9
109	-2	303
109.5	-2	303.2
110	-2	303.2
110.5	-2	299
111	-2	299.2
111.5	-2	299.9
112	-2	299.7
112.5	-2	300.3
113	-2	300.6
113.5	-2	300.8
114	-2	300.8
114.5	-2	300.2
115	-2	300.6
115.5	-2	300
116	-2	300.4
116.5	-2	303.1
117	-2	302.4
117.5	-2	302.3
118	-2	302.5
118.5	-2	302.8
119	-2	302.8
119.5	-2	299.7
120	-2	291.6
120.5	-2	296.2
121	-2	299.8
121.5	-2	302.3
122	-2	302.6
122.5	-2	302.6
123	-2	302.2
123.5	-2	301.9
124	-2	302
124.5	-2	301.6
125	-2	302.3
125.5	-2	302.2
126	-2	302.7
126.5	-2	302.8
127	-2	302.3
127.5	-2	302.8
128	-2	302.4
128.5	-2	302.1
129	-2	301.7
129.5	-2	302.4
130	-2	303
130.5	-2	303.4
131	-2	302.9
131.5	-2	302.1
132	-2	302.9
132.5	-2	302.2
133	-2	302.6
133.5	-2	301.4
134	-2	302.1
134.5	-2	303.1
135	-2	302.7
135.5	-2	302.7
136	-2	303
136.5	-2	303
137	-2	303.2
137.5	-2	303.1
138	-2	303.3
138.5	-2	301.1
139	-2	299.8
139.5	-2	302.6
140	-2	302.5
140.5	-2	302.6
141	-2	302.6
141.5	-2	302.7
142	-2	302.8
95	-1.5	303.4
95.5	-1.5	303.2
96	-1.5	303.3
96.5	-1.5	303.5
97	-1.5	303.5
97.5	-1.5	303.6
98	-1.5	303.4
98.5	-1.5	303.1
99	-1.5	299.3
99.5	-1.5	303.5
100	-1.5	303.8
100.5	-1.5	303.3
101	-1.5	291.8
101.5	-1.5	295.3
102	-1.5	296.8
102.5	-1.5	297.6
103	-1.5	297.4
103.5	-1.5	297.6
104	-1.5	297.5
104.5	-1.5	302.3
105	-1.5	303.4
105.5	-1.5	303
106	-1.5	302.7
106.5	-1.5	303.1
107	-1.5	303
107.5	-1.5	303.1
108	-1.5	303.1
108.5	-1.5	303
109	-1.5	303
109.5	-1.5	303.3
110	-1.5	303.5
110.5	-1.5	299.1
111	-1.5	298.8
111.5	-1.5	298.8
112	-1.5	299
112.5	-1.5	299.3
113	-1.5	300.2
113.5	-1.5	300.6
114	-1.5	300.8
114.5	-1.5	300.9
115	-1.5	301
115.5	-1.5	298.7
116	-1.5	298.7
116.5	-1.5	300.4
117	-1.5	303
117.5	-1.5	302.6
118	-1.5	302.7
118.5	-1.5	303
119	-1.5	303
119.5	-1.5	301
120	-1.5	296.8
120.5	-1.5	293.6
121	-1.5	297.6
121.5	-1.5	293
122	-1.5	297.3
122.5	-1.5	302.5
123	-1.5	300.4
123.5	-1.5	301.7
124	-1.5	302.3
124.5	-1.5	302.6
125	-1.5	302.7
125.5	-1.5	302.7
126	-1.5	302.7
126.5	-1.5	302.7
127	-1.5	302.7
127.5	-1.5	299.4
128	-1.5	302.5
128.5	-1.5	302.9
129	-1.5	302.9
129.5	-1.5	302.5
130	-1.5	302.8
130.5	-1.5	303.2
131	-1.5	303.5
131.5	-1.5	303.6
132	-1.5	302.9
132.5	-1.5	302.8
133	-1.5	300.7
133.5	-1.5	299.1
134	-1.5	295.2
134.5	-1.5	303.3
135	-1.5	303.4
135.5	-1.5	303.3
136	-1.5	303.3
136.5	-1.5	303.2
137	-1.5	302.8
137.5	-1.5	303.2
138	-1.5	303.1
138.5	-1.5	302.8
139	-1.5	302.8
139.5	-1.5	302.3
140	-1.5	302.4
140.5	-1.5	302.5
141	-1.5	302.8
141.5	-1.5	302.6
142	-1.5	303
95	-1	303.3
95.5	-1	303.3
96	-1	303.4
96.5	-1	303.5
97	-1	303.4
97.5	-1	303.5
98	-1	303.4
98.5	-1	303.1
99	-1	302.3
99.5	-1	303.9
100	-1	303.5
100.5	-1	294.8
101	-1	291.8
101.5	-1	296.6
102	-1	297.3
102.5	-1	297.1
103	-1	297.9
103.5	-1	298.9
104	-1	303.1
104.5	-1	303.4
105	-1	303.3
105.5	-1	303.2
106	-1	303.2
106.5	-1	303.1
107	-1	303
107.5	-1	303.1
108	-1	303.1
108.5	-1	303.3
109	-1	303.3
109.5	-1	302.2
110	-1	300.8
110.5	-1	299.7
111	-1	299
111.5	-1	299.1
112	-1	299
112.5	-1	299
113	-1	299.6
113.5	-1	300.4
114	-1	300.4
114.5	-1	299.9
115	-1	300.3
115.5	-1	300.4
116	-1	300.6
116.5	-1	299.5
117	-1	301.2
117.5	-1	303
118	-1	302.8
118.5	-1	303.1
119	-1	303.1
119.5	-1	302.9
120	-1	297.3
120.5	-1	304.1
121	-1	303.7
121.5	-1	299.8
122	-1	301
122.5	-1	293.7
123	-1	302.8
123.5	-1	302.6
124	-1	302.7
124.5	-1	302.6
125	-1	302.7
125.5	-1	302.5
126	-1	302.3
126.5	-1	302.5
127	-1	302.7
127.5	-1	303.3
128	-1	303
128.5	-1	303.4
129	-1	302.6
129.5	-1	303.2
130	-1	303.1
130.5	-1	303.5
131	-1	302.9
131.5	-1	301.9
132	-1	300.8
132.5	-1	301.4
133	-1	299.3
133.5	-1	291.9
134	-1	301.1
134.5	-1	303.6
135	-1	303.9
135.5	-1	303.9
136	-1	303
136.5	-1	303.4
137	-1	302.9
137.5	-1	302.8
138	-1	302.8
138.5	-1	302.5
139	-1	302.6
139.5	-1	302.4
140	-1	302.7
140.5	-1	302.6
141	-1	302.9
141.5	-1	303.1
142	-1	303.2
95	-0.5	303.2
95.5	-0.5	303.4
96	-0.5	303.4
96.5	-0.5	303.5
97	-0.5	303.4
97.5	-0.5	303.4
98	-0.5	303.2
98.5	-0.5	301.4
99	-0.5	303.6
99.5	-0.5	303.8
100	-0.5	300.6
100.5	-0.5	293.4
101	-0.5	294.8
101.5	-0.5	297
102	-0.5	298
102.5	-0.5	298.3
103	-0.5	298.6
103.5	-0.5	302.8
104	-0.5	303.4
104.5	-0.5	301.9
105	-0.5	303.1
105.5	-0.5	303.2
106	-0.5	303.2
106.5	-0.5	303.2
107	-0.5	303.2
107.5	-0.5	303.2
108	-0.5	303.4
108.5	-0.5	303.5
109	-0.5	303.4
109.5	-0.5	300.8
110	-0.5	299.4
110.5	-0.5	299.3
111	-0.5	297.2
111.5	-0.5	300.3
112	-0.5	300.7
112.5	-0.5	300.1
113	-0.5	299.3
113.5	-0.5	299.3
114	-0.5	298.7
114.5	-0.5	297.1
115	-0.5	300
115.5	-0.5	299.6
116	-0.5	300.9
116.5	-0.5	301.5
117	-0.5	302.2
117.5	-0.5	302.5
118	-0.5	302.9
118.5	-0.5	303.1
119	-0.5	303.2
119.5	-0.5	303
120	-0.5	301.2
120.5	-0.5	304
121	-0.5	304.2
121.5	-0.5	303.6
122	-0.5	303.4
122.5	-0.5	303.2
123	-0.5	302.9
123.5	-0.5	303
124	-0.5	302.9
124.5	-0.5	302.7
125	-0.5	302.7
125.5	-0.5	302.5
126	-0.5	302.4
126.5	-0.5	302.5
127	-0.5	303.1
127.5	-0.5	300.7
128	-0.5	302.1
128.5	-0.5	303.5
129	-0.5	302.7
129.5	-0.5	302.8
130	-0.5	303.6
130.5	-0.5	304
131	-0.5	303.9
131.5	-0.5	303.9
132	-0.5	303.5
132.5	-0.5	299.3
133	-0.5	300.5
133.5	-0.5	304.3
134	-0.5	304.1
134.5	-0.5	303.5
135	-0.5	303.4
135.5	-0.5	303.9
136	-0.5	303.4
136.5	-0.5	303
137	-0.5	302.8
137.5	-0.5	302.7
138	-0.5	302.7
138.5	-0.5	302.7
139	-0.5	302.6
139.5	-0.5	302.7
140	-0.5	302.7
140.5	-0.5	302.9
141	-0.5	303.1
141.5	-0.5	303.2
142	-0.5	303.2
95	0	303.2
95.5	0	303.4
96	0	303.3
96.5	0	303.4
97	0	303.5
97.5	0	303.3
98	0	303.1
98.5	0	303.1
99	0	303.4
99.5	0	303.4
100	0	294.7
100.5	0	293.2
101	0	297
101.5	0	297
102	0	298
102.5	0	298.8
103	0	298.9
103.5	0	300.3
104	0	303.4
104.5	0	302.7
105	0	303.1
105.5	0	303.1
106	0	303.1
106.5	0	303.1
107	0	303.1
107.5	0	303.3
108	0	303.4
108.5	0	303.6
109	0	303.5
109.5	0	300.3
110	0	300.4
110.5	0	299.9
111	0	300.6
111.5	0	300.9
112	0	300.2
112.5	0	298
113	0	297.7
113.5	0	297.9
114	0	298
114.5	0	298.7
115	0	297.4
115.5	0	298.8
116	0	299.5
116.5	0	300.9
117	0	302
117.5	0	303
118	0	303
118.5	0	303
119	0	303.1
119.5	0	302.9
120	0	302.2
120.5	0	303.9
121	0	304
121.5	0	303.6
122	0	303.7
122.5	0	303.6
123	0	303.5
123.5	0	303.2
124	0	303.1
124.5	0	303
125	0	302.8
125.5	0	302.6
126	0	302.4
126.5	0	302.6
127	0	303.1
127.5	0	303.5
128	0	303.7
128.5	0	303.1
129	0	303.6
129.5	0	304
130	0	303.9
130.5	0	304
131	0	304
131.5	0	303.8
132	0	303.8
132.5	0	304
133	0	304
133.5	0	303.8
134	0	303.7
134.5	0	303.5
135	0	303.3
135.5	0	303.2
136	0	303.2
136.5	0	303
137	0	302.8
137.5	0	302.9
138	0	302.8
138.5	0	302.8
139	0	302.8
139.5	0	302.9
140	0	303.1
140.5	0	303.1
141	0	303.3
141.5	0	303.4
142	0	303.4
95	0.5	303.2
95.5	0.5	303.4
96	0.5	303.5
96.5	0.5	303.6
97	0.5	303.3
97.5	0.5	303.2
98	0.5	303.3
98.5	0.5	303.5
99	0.5	303.3
99.5	0.5	294.5
100	0.5	293.8
100.5	0.5	296.2
101	0.5	297.6
101.5	0.5	297.7
102	0.5	298.4
102.5	0.5	299.1
103	0.5	298.6
103.5	0.5	302.5
104	0.5	303.4
104.5	0.5	303.2
105	0.5	303.1
105.5	0.5	303.1
106	0.5	303.1
106.5	0.5	303.2
107	0.5	303.1
107.5	0.5	303.3
108	0.5	303.4
108.5	0.5	303.7
109	0.5	300.3
109.5	0.5	299.1
110	0.5	300.1
110.5	0.5	300
111	0.5	300.3
111.5	0.5	301.1
112	0.5	301.1
112.5	0.5	301
113	0.5	299
113.5	0.5	296.3
114	0.5	298.8
114.5	0.5	294.4
115	0.5	299.1
115.5	0.5	299
116	0.5	300.8
116.5	0.5	300.1
117	0.5	301.9
117.5	0.5	302.7
118	0.5	303.1
118.5	0.5	302.8
119	0.5	302.8
119.5	0.5	302.9
120	0.5	301.5
120.5	0.5	303.5
121	0.5	301
121.5	0.5	302.8
122	0.5	300.7
122.5	0.5	303
123	0.5	303.1
123.5	0.5	298.5
124	0.5	301.8
124.5	0.5	302.8
125	0.5	303
125.5	0.5	302.7
126	0.5	302.6
126.5	0.5	302.4
127	0.5	302.8
127.5	0.5	303.4
128	0.5	300.9
128.5	0.5	301.9
129	0.5	303.8
129.5	0.5	303
130	0.5	303.7
130.5	0.5	303.2
131	0.5	304.3
131.5	0.5	304
132	0.5	303.5
132.5	0.5	303.6
133	0.5	303.6
133.5	0.5	303.6
134	0.5	303.5
134.5	0.5	303.2
135	0.5	303.2
135.5	0.5	303.3
136	0.5	303
136.5	0.5	303.1
137	0.5	303.1
137.5	0.5	303
138	0.5	303
138.5	0.5	303
139	0.5	303
139.5	0.5	303
140	0.5	303.1
140.5	0.5	303.3
141	0.5	303.2
141.5	0.5	303.4
142	0.5	303.4
95	1	303.3
95.5	1	303.3
96	1	303.4
96.5	1	303.4
97	1	303.1
97.5	1	296.8
98	1	303.2
98.5	1	303.8
99	1	298.9
99.5	1	294.8
100	1	297.4
100.5	1	297.2
101	1	297.9
101.5	1	297.7
102	1	298.6
102.5	1	298.9
103	1	301
103.5	1	303.2
104	1	300.9
104.5	1	301.8
105	1	303.1
105.5	1	303.1
106	1	303.1
106.5	1	303.3
107	1	303.2
107.5	1	303.2
108	1	303.6
108.5	1	303.7
109	1	301.5
109.5	1	299.8
110	1	297.3
110.5	1	298.5
111	1	300
111.5	1	299.5
112	1	301.5
112.5	1	300.8
113	1	300.2
113.5	1	298.7
114	1	295.8
114.5	1	297.2
115	1	299.2
115.5	1	298.9
116	1	295.4
116.5	1	299.6
117	1	301.4
117.5	1	300.5
118	1	302.3
118.5	1	302
119	1	303
119.5	1	302.9
120	1	302.9
120.5	1	302.8
121	1	296.5
121.5	1	304.4
122	1	299.8
122.5	1	302.3
123	1	303.2
123.5	1	303.3
124	1	303.5
124.5	1	300.1
125	1	303.3
125.5	1	302.9
126	1	302.8
126.5	1	302.8
127	1	302.9
127.5	1	300.3
128	1	300.6
128.5	1	304.1
129	1	303.5
129.5	1	302.7
130	1	302.9
130.5	1	302.9
131	1	304.2
131.5	1	304
132	1	303.5
132.5	1	303.3
133	1	303.5
133.5	1	303.5
134	1	303.4
134.5	1	303.4
135	1	303.2
135.5	1	303.2
136	1	303.2
136.5	1	303.2
137	1	303.2
137.5	1	303.1
138	1	303.1
138.5	1	303
139	1	303.1
139.5	1	303.1
140	1	303.2
140.5	1	303.2
141	1	303.3
141.5	1	303.2
142	1	303.3
95	1.5	303.4
95.5	1.5	303.3
96	1.5	303.4
96.5	1.5	303.4
97	1.5	302.9
97.5	1.5	302.7
98	1.5	303.4
98.5	1.5	303.3
99	1.5	296.4
99.5	1.5	296.6
100	1.5	296.4
100.5	1.5	295.7
101	1.5	297.9
101.5	1.5	298.1
102	1.5	301
102.5	1.5	302.7
103	1.5	303.4
103.5	1.5	301.5
104	1.5	302
104.5	1.5	303.1
105	1.5	303.1
105.5	1.5	303.1
106	1.5	303.4
106.5	1.5	303.4
107	1.5	303.5
107.5	1.5	303.5
108	1.5	303.8
108.5	1.5	303.8
109	1.5	303.4
109.5	1.5	298.7
110	1.5	299
110.5	1.5	301.2
111	1.5	302.6
111.5	1.5	300.9
112	1.5	299.4
112.5	1.5	298.2
113	1.5	299.1
113.5	1.5	300.2
114	1.5	298.2
114.5	1.5	296.5
115	1.5	298.6
115.5	1.5	298.2
116	1.5	293
116.5	1.5	296.5
117	1.5	299.3
117.5	1.5	299.6
118	1.5	302.1
118.5	1.5	302.8
119	1.5	302.7
119.5	1.5	302.9
120	1.5	303.1
120.5	1.5	303
121	1.5	303
121.5	1.5	303.1
122	1.5	303.4
122.5	1.5	303.4
123	1.5	303.6
123.5	1.5	303.5
124	1.5	303.3
124.5	1.5	303.2
125	1.5	300.2
125.5	1.5	303
126	1.5	302.8
126.5	1.5	303.1
127	1.5	302.8
127.5	1.5	303.1
128	1.5	303.6
128.5	1.5	301.6
129	1.5	303.8
129.5	1.5	303
130	1.5	302.7
130.5	1.5	303
131	1.5	303.6
131.5	1.5	303.7
132	1.5	303.5
132.5	1.5	303.3
133	1.5	303.4
133.5	1.5	303.4
134	1.5	303.5
134.5	1.5	303.3
135	1.5	303.3
135.5	1.5	303.4
136	1.5	303.2
136.5	1.5	303.3
137	1.5	303.2
137.5	1.5	303.1
138	1.5	303.1
138.5	1.5	303
139	1.5	303.2
139.5	1.5	303.2
140	1.5	303.1
140.5	1.5	303.2
141	1.5	303.1
141.5	1.5	303.2
142	1.5	303.3
95	2	303.3
95.5	2	303.2
96	2	303.1
96.5	2	302.9
97	2	303
97.5	2	303.2
98	2	303.4
98.5	2	298.7
99	2	291.4
99.5	2	292.6
100	2	297
100.5	2	296.6
101	2	298.1
101.5	2	301.3
102	2	303.8
102.5	2	303.6
103	2	300.1
103.5	2	299.3
104	2	301.6
104.5	2	303.1
105	2	303.1
105.5	2	303.2
106	2	303.3
106.5	2	303.4
107	2	303.6
107.5	2	303.8
108	2	303.9
108.5	2	303.9
109	2	303.8
109.5	2	302.8
110	2	303.9
110.5	2	304.1
111	2	304.5
111.5	2	301.4
112	2	301.6
112.5	2	301.4
113	2	301.1
113.5	2	300.2
114	2	299.8
114.5	2	299.3
115	2	297.3
115.5	2	298.7
116	2	299.3
116.5	2	299.9
117	2	300.8
117.5	2	301.2
118	2	303.2
118.5	2	302.8
119	2	302.7
119.5	2	302.9
120	2	303.1
120.5	2	303.1
121	2	303.1
121.5	2	303.3
122	2	303.4
122.5	2	303.5
123	2	303.5
123.5	2	303.5
124	2	303.3
124.5	2	303.2
125	2	303.3
125.5	2	303.2
126	2	302.7
126.5	2	302.6
127	2	302.6
127.5	2	303.5
128	2	303.8
128.5	2	304.2
129	2	303.5
129.5	2	302.9
130	2	302.9
130.5	2	303.1
131	2	303.2
131.5	2	303.4
132	2	303.4
132.5	2	303.5
133	2	303.4
133.5	2	303.4
134	2	303.4
134.5	2	303.4
135	2	303.5
135.5	2	303.3
136	2	303.3
136.5	2	303.2
137	2	303.3
137.5	2	303.1
138	2	303.1
138.5	2	303
139	2	303.1
139.5	2	303.1
140	2	303.1
140.5	2	303.2
141	2	303.2
141.5	2	303.2
142	2	303.1
95	2.5	303.2
95.5	2.5	303
96	2.5	302.5
96.5	2.5	302.4
97	2.5	303.4
97.5	2.5	303.3
98	2.5	297.5
98.5	2.5	290.2
99	2.5	293.2
99.5	2.5	299
100	2.5	298.7
100.5	2.5	303.6
101	2.5	303.8
101.5	2.5	303.7
102	2.5	301.5
102.5	2.5	299.2
103	2.5	299.1
103.5	2.5	299.9
104	2.5	303.1
104.5	2.5	303
105	2.5	303.1
105.5	2.5	303.1
106	2.5	303.2
106.5	2.5	303.3
107	2.5	303.6
107.5	2.5	303.6
108	2.5	303.7
108.5	2.5	303.5
109	2.5	303.2
109.5	2.5	303.7
110	2.5	303.8
110.5	2.5	304.1
111	2.5	304.1
111.5	2.5	302.2
112	2.5	301.7
112.5	2.5	301.4
113	2.5	299
113.5	2.5	301.1
114	2.5	299.9
114.5	2.5	299.6
115	2.5	291.3
115.5	2.5	293.9
116	2.5	298.3
116.5	2.5	297
117	2.5	300.8
117.5	2.5	299.4
118	2.5	303
118.5	2.5	302.9
119	2.5	302.8
119.5	2.5	303
120	2.5	303
120.5	2.5	303.2
121	2.5	303.3
121.5	2.5	303.4
122	2.5	303.3
122.5	2.5	303.3
123	2.5	303.4
123.5	2.5	303.4
124	2.5	303.3
124.5	2.5	303.2
125	2.5	303.3
125.5	2.5	303.4
126	2.5	302.8
126.5	2.5	302.4
127	2.5	302.6
127.5	2.5	303.1
128	2.5	303.6
128.5	2.5	303.2
129	2.5	303.8
129.5	2.5	303.2
130	2.5	303
130.5	2.5	303.3
131	2.5	303.3
131.5	2.5	303.4
132	2.5	303.4
132.5	2.5	303.5
133	2.5	303.3
133.5	2.5	303.3
134	2.5	303.5
134.5	2.5	303.5
135	2.5	303.4
135.5	2.5	303.4
136	2.5	303.4
136.5	2.5	303.4
137	2.5	303.2
137.5	2.5	303.2
138	2.5	303.3
138.5	2.5	303.2
139	2.5	303.3
139.5	2.5	303.2
140	2.5	303.3
140.5	2.5	303.2
141	2.5	303.2
141.5	2.5	303.1
142	2.5	303.2
95	3	303.2
95.5	3	302.9
96	3	302.9
96.5	3	303.4
97	3	303.4
97.5	3	297.5
98	3	295
98.5	3	290.9
99	3	295.3
99.5	3	297.9
100	3	303.5
100.5	3	303.8
101	3	303.8
101.5	3	300.1
102	3	298.4
102.5	3	299.2
103	3	299.2
103.5	3	303.1
104	3	303.1
104.5	3	303.1
105	3	303.1
105.5	3	303
106	3	303
106.5	3	303.1
107	3	303.5
107.5	3	303.4
108	3	303.3
108.5	3	303.3
109	3	303.2
109.5	3	303.5
110	3	303.8
110.5	3	303.9
111	3	303.8
111.5	3	303.7
112	3	303.8
112.5	3	302.6
113	3	300.1
113.5	3	300.5
114	3	300.4
114.5	3	299.7
115	3	295.8
115.5	3	293
116	3	297.8
116.5	3	298.8
117	3	299.7
117.5	3	303
118	3	303.1
118.5	3	303.1
119	3	302.9
119.5	3	303.1
120	3	303.1
120.5	3	303.2
121	3	303.2
121.5	3	303.1
122	3	303.2
122.5	3	303.3
123	3	303.3
123.5	3	303.4
124	3	303.3
124.5	3	303.1
125	3	303.2
125.5	3	303.5
126	3	302.9
126.5	3	302.6
127	3	302.8
127.5	3	302.9
128	3	303
128.5	3	303.5
129	3	303.5
129.5	3	303.3
130	3	303.3
130.5	3	303.2
131	3	303.3
131.5	3	303.3
132	3	303.4
132.5	3	303.4
133	3	303.3
133.5	3	303.4
134	3	303.4
134.5	3	303.4
135	3	303.5
135.5	3	303.5
136	3	303.5
136.5	3	303.3
137	3	303.3
137.5	3	303.4
138	3	303.2
138.5	3	303.2
139	3	303.3
139.5	3	303.2
140	3	303.3
140.5	3	303.3
141	3	303.3
141.5	3	303.2
142	3	303.2
95	3.5	303.3
95.5	3.5	303.3
96	3.5	303.4
96.5	3.5	303.2
97	3.5	300.8
97.5	3.5	286.7
98	3.5	292.4
98.5	3.5	297.6
99	3.5	298.8
99.5	3.5	303.5
100	3.5	303.9
100.5	3.5	303.9
101	3.5	303.5
101.5	3.5	300.1
102	3.5	299.9
102.5	3.5	299.6
103	3.5	298.8
103.5	3.5	303
104	3.5	303.2
104.5	3.5	303.1
105	3.5	303.2
105.5	3.5	303
106	3.5	303.1
106.5	3.5	303
107	3.5	303.4
107.5	3.5	303.4
108	3.5	302.9
108.5	3.5	303.1
109	3.5	303.4
109.5	3.5	303.6
110	3.5	303.4
110.5	3.5	303.5
111	3.5	303.5
111.5	3.5	303.6
112	3.5	303.7
112.5	3.5	304
113	3.5	304
113.5	3.5	301.4
114	3.5	298.2
114.5	3.5	300
115	3.5	298.7
115.5	3.5	294.1
116	3.5	297.7
116.5	3.5	299.6
117	3.5	301.4
117.5	3.5	303
118	3.5	303.2
118.5	3.5	303.1
119	3.5	303.1
119.5	3.5	303.1
120	3.5	303.1
120.5	3.5	303.1
121	3.5	303.2
121.5	3.5	303
122	3.5	303.1
122.5	3.5	303
123	3.5	303.1
123.5	3.5	303.1
124	3.5	303
124.5	3.5	302.9
125	3.5	303
125.5	3.5	303
126	3.5	303.1
126.5	3.5	303.1
127	3.5	303.3
127.5	3.5	302.9
128	3.5	302.9
128.5	3.5	303.3
129	3.5	303.3
129.5	3.5	303.4
130	3.5	303.3
130.5	3.5	303.3
131	3.5	303.4
131.5	3.5	303.3
132	3.5	303.4
132.5	3.5	303.5
133	3.5	303.4
133.5	3.5	303.3
134	3.5	303.4
134.5	3.5	303.4
135	3.5	303.4
135.5	3.5	303.5
136	3.5	303.4
136.5	3.5	303.5
137	3.5	303.3
137.5	3.5	303.3
138	3.5	303.3
138.5	3.5	303.4
139	3.5	303.2
139.5	3.5	303.2
140	3.5	303.3
140.5	3.5	303.3
141	3.5	303.3
141.5	3.5	303.2
142	3.5	303.2
95	4	303.3
95.5	4	303.2
96	4	303
96.5	4	298.3
97	4	291.4
97.5	4	290.1
98	4	298
98.5	4	301.3
99	4	303.8
99.5	4	303.6
100	4	303.9
100.5	4	303.4
101	4	299.6
101.5	4	295.8
102	4	298
102.5	4	299.3
103	4	299.4
103.5	4	303
104	4	303.1
104.5	4	303.2
105	4	303
105.5	4	303.1
106	4	303
106.5	4	303.1
107	4	303.3
107.5	4	303.2
108	4	301.5
108.5	4	302.7
109	4	303.2
109.5	4	303.5
110	4	303.3
110.5	4	303.3
111	4	303.3
111.5	4	303.4
112	4	303.4
112.5	4	303.6
113	4	303.7
113.5	4	303.5
114	4	301.4
114.5	4	301.1
115	4	297.2
115.5	4	299.7
116	4	295
116.5	4	300.1
117	4	300.9
117.5	4	302.5
118	4	303.3
118.5	4	303
119	4	303
119.5	4	303
120	4	303
120.5	4	303.1
121	4	303
121.5	4	302.9
122	4	302.9
122.5	4	302.9
123	4	303
123.5	4	302.9
124	4	302.8
124.5	4	303
125	4	303
125.5	4	303.3
126	4	303
126.5	4	303.5
127	4	303.5
127.5	4	303.1
128	4	303.1
128.5	4	303.1
129	4	303.3
129.5	4	303.4
130	4	303.4
130.5	4	303.3
131	4	303.4
131.5	4	303.5
132	4	303.7
132.5	4	303.7
133	4	303.3
133.5	4	303.3
134	4	303.4
134.5	4	303.4
135	4	303.4
135.5	4	303.5
136	4	303.5
136.5	4	303.4
137	4	303.3
137.5	4	303.2
138	4	303.3
138.5	4	303.3
139	4	303.4
139.5	4	303.2
140	4	303.3
140.5	4	303.3
141	4	303.2
141.5	4	303.3
142	4	303.2
95	4.5	303
95.5	4.5	302.8
96	4.5	297
96.5	4.5	291.1
97	4.5	290.8
97.5	4.5	297.1
98	4.5	301.5
98.5	4.5	303.5
99	4.5	304
99.5	4.5	304.1
100	4.5	303.9
100.5	4.5	303.6
101	4.5	299.9
101.5	4.5	293.7
102	4.5	298.4
102.5	4.5	299.8
103	4.5	298.8
103.5	4.5	303
104	4.5	303
104.5	4.5	303.1
105	4.5	302.9
105.5	4.5	303.1
106	4.5	303.1
106.5	4.5	303.1
107	4.5	303.2
107.5	4.5	303
108	4.5	302.6
108.5	4.5	302.8
109	4.5	303.1
109.5	4.5	303.2
110	4.5	303.2
110.5	4.5	303.2
111	4.5	303
111.5	4.5	303.1
112	4.5	303.3
112.5	4.5	303.3
113	4.5	303.5
113.5	4.5	303.4
114	4.5	302.7
114.5	4.5	302.2
115	4.5	300.8
115.5	4.5	297.1
116	4.5	296.2
116.5	4.5	300.8
117	4.5	297.9
117.5	4.5	301
118	4.5	298.8
118.5	4.5	302.5
119	4.5	302.8
119.5	4.5	302.8
120	4.5	302.8
120.5	4.5	302.8
121	4.5	302.7
121.5	4.5	302.7
122	4.5	302.7
122.5	4.5	302.7
123	4.5	302.8
123.5	4.5	302.9
124	4.5	302.9
124.5	4.5	302.8
125	4.5	302.8
125.5	4.5	303.1
126	4.5	302.8
126.5	4.5	303.3
127	4.5	303.6
127.5	4.5	303.5
128	4.5	303.3
128.5	4.5	303.2
129	4.5	303.2
129.5	4.5	303.3
130	4.5	303.2
130.5	4.5	303.3
131	4.5	303.4
131.5	4.5	303.2
132	4.5	303.6
132.5	4.5	303.7
133	4.5	303.3
133.5	4.5	303.3
134	4.5	303.3
134.5	4.5	303.3
135	4.5	303.3
135.5	4.5	303.4
136	4.5	303.4
136.5	4.5	303.4
137	4.5	303.4
137.5	4.5	303.2
138	4.5	303.4
138.5	4.5	303.2
139	4.5	303.2
139.5	4.5	303.3
140	4.5	303.2
140.5	4.5	303.4
141	4.5	303.3
141.5	4.5	303.4
142	4.5	303.2
95	5	302.8
95.5	5	295.2
96	5	292.1
96.5	5	293.8
97	5	296.3
97.5	5	299.9
98	5	303.3
98.5	5	303.8
99	5	304.2
99.5	5	304.1
100	5	303.8
100.5	5	301
101	5	298.1
101.5	5	294.1
102	5	299
102.5	5	299.2
103	5	299.7
103.5	5	303
104	5	303.1
104.5	5	303
105	5	302.9
105.5	5	303.1
106	5	303
106.5	5	303.2
107	5	303.2
107.5	5	302.9
108	5	302.3
108.5	5	302.7
109	5	303
109.5	5	303.1
110	5	303
110.5	5	302.9
111	5	302.8
111.5	5	303
112	5	303
112.5	5	303.2
113	5	303.1
113.5	5	303.1
114	5	303.1
114.5	5	303
115	5	303.3
115.5	5	302.5
116	5	299.2
116.5	5	296.7
117	5	297.4
117.5	5	298.2
118	5	299
118.5	5	301.6
119	5	302.7
119.5	5	302.8
120	5	302.6
120.5	5	302.6
121	5	302.6
121.5	5	302.5
122	5	302.5
122.5	5	302.6
123	5	302.7
123.5	5	302.8
124	5	302.9
124.5	5	302.7
125	5	302.8
125.5	5	303
126	5	302.8
126.5	5	303
127	5	303.5
127.5	5	303.5
128	5	303.3
128.5	5	303.3
129	5	303.3
129.5	5	303.3
130	5	303.3
130.5	5	303.1
131	5	303.1
131.5	5	303.1
132	5	303.3
132.5	5	303.3
133	5	303.2
133.5	5	303.1
134	5	303
134.5	5	303.4
135	5	303.3
135.5	5	303.2
136	5	303.3
136.5	5	303.4
137	5	303.2
137.5	5	303.3
138	5	303.1
138.5	5	303.2
139	5	303.2
139.5	5	303.4
140	5	303.3
140.5	5	303.5
141	5	303.3
141.5	5	303.2
142	5	303.5
95	5.5	302.6
95.5	5.5	298.7
96	5.5	302.7
96.5	5.5	303
97	5.5	303
97.5	5.5	303.2
98	5.5	303.7
98.5	5.5	304
99	5.5	304.2
99.5	5.5	304.1
100	5.5	303.7
100.5	5.5	300.1
101	5.5	296.9
101.5	5.5	294.2
102	5.5	298.4
102.5	5.5	297.5
103	5.5	301.4
103.5	5.5	303.1
104	5.5	303.1
104.5	5.5	303.1
105	5.5	302.8
105.5	5.5	303.1
106	5.5	302.9
106.5	5.5	303.1
107	5.5	303
107.5	5.5	302.9
108	5.5	302.8
108.5	5.5	302.9
109	5.5	303
109.5	5.5	302.9
110	5.5	302.8
110.5	5.5	302.9
111	5.5	302.8
111.5	5.5	302.8
112	5.5	302.9
112.5	5.5	303
113	5.5	303.1
113.5	5.5	303.1
114	5.5	303.1
114.5	5.5	303
115	5.5	303
115.5	5.5	303.2
116	5.5	296.3
116.5	5.5	294
117	5.5	298.9
117.5	5.5	299
118	5.5	300
118.5	5.5	301.7
119	5.5	303
119.5	5.5	302.8
120	5.5	302.6
120.5	5.5	302.4
121	5.5	302.4
121.5	5.5	302.5
122	5.5	302.5
122.5	5.5	302.6
123	5.5	302.6
123.5	5.5	302.6
124	5.5	302.7
124.5	5.5	302.8
125	5.5	303
125.5	5.5	303
126	5.5	302.9
126.5	5.5	303
127	5.5	303.2
127.5	5.5	303.3
128	5.5	303.3
128.5	5.5	303.3
129	5.5	303.3
129.5	5.5	303.2
130	5.5	303.2
130.5	5.5	303.1
131	5.5	303.1
131.5	5.5	303
132	5.5	303.3
132.5	5.5	303.2
133	5.5	303.1
133.5	5.5	303
134	5.5	303.2
134.5	5.5	303.1
135	5.5	303.2
135.5	5.5	303.3
136	5.5	303.2
136.5	5.5	303.3
137	5.5	303.3
137.5	5.5	303.2
138	5.5	303.1
138.5	5.5	303.2
139	5.5	303.2
139.5	5.5	303.3
140	5.5	303.3
140.5	5.5	303.3
141	5.5	303.5
141.5	5.5	303.5
142	5.5	303.5
95	6	302.5
95.5	6	302.5
96	6	303
96.5	6	303.2
97	6	303.4
97.5	6	303.5
98	6	303.8
98.5	6	304.1
99	6	303.9
99.5	6	303.8
100	6	303.8
100.5	6	300.3
101	6	295.4
101.5	6	294.7
102	6	297.7
102.5	6	302.6
103	6	303.1
103.5	6	303.2
104	6	303.2
104.5	6	303
105	6	303
105.5	6	302.9
106	6	303
106.5	6	303
107	6	303.1
107.5	6	303
108	6	303
108.5	6	303
109	6	302.9
109.5	6	303
110	6	302.8
110.5	6	302.9
111	6	302.9
111.5	6	302.9
112	6	302.9
112.5	6	302.9
113	6	303.1
113.5	6	303.2
114	6	303.1
114.5	6	303.1
115	6	303
115.5	6	303
116	6	302.9
116.5	6	292.1
117	6	298.9
117.5	6	300.2
118	6	302.7
118.5	6	303.1
119	6	303.1
119.5	6	302.8
120	6	302.7
120.5	6	302.5
121	6	302
121.5	6	302.5
122	6	302.6
122.5	6	302.4
123	6	302.4
123.5	6	302.6
124	6	302.8
124.5	6	302.3
125	6	302.3
125.5	6	295.9
126	6	303
126.5	6	303.1
127	6	303.2
127.5	6	303.2
128	6	303.4
128.5	6	303.4
129	6	303.2
129.5	6	303.2
130	6	303.1
130.5	6	303
131	6	302.8
131.5	6	302.9
132	6	303
132.5	6	302.9
133	6	302.9
133.5	6	303
134	6	303.1
134.5	6	303.2
135	6	303.4
135.5	6	303.2
136	6	303.1
136.5	6	303.4
137	6	303.3
137.5	6	303.1
138	6	303.2
138.5	6	303.1
139	6	303
139.5	6	303.3
140	6	303.2
140.5	6	303.3
141	6	303.4
141.5	6	303.5
142	6	303.4
